00100110 00100100 
01011001 10011101 
01000101 11010111 
11100010 01111111 
10111000 01011001 
01001100 00100001 
00101010 00100110 
00010000 00001100 
01100110 10000110 
01110110 01100011 
00011000 11100000 
11011000 00010110 
11101101 11111110 
11001010 11111011 
00011110 10011011 
10000110 11011001 
01001010 00010111 
10000101 00100010 
01111100 00000100 
00100011 01011110 
01000011 10011010 
01010110 01111000 
10010101 11001101 
00100110 10110000 
01011010 10010111 
10011110 00111111 
00010100 01111011 
01101001 01100011 
11100000 11100101 
11010110 10000000 
11000101 10001001 
00101111 10110001 
00011101 01111110 
10101000 01000001 
10001100 10010011 
00000011 00011100 
00100001 01001101 
00101111 11111000 
01010000 10011001 
10111011 01101011 
11110001 10000001 
00001111 00000111 
00001110 01001100 
00100111 01110101 
00000111 11101100 
11111110 00011001 
01000001 10000111 
10010101 10001110 
11110101 01011110 
11010101 00000000 
00101111 00101001 
11000011 10101111 
11100111 11000011 
01100110 00101001 
01000010 00011100 
11000110 11111010 
11110101 00011101 
11000111 00101101 
01100110 00110111 
10100111 00010000 
10111000 10110010 
00010011 11001101 
01000111 11011000 
01110111 10010101 
10001000 00100011 
00101100 11001101 
00111111 11000100 
11111011 11011010 
00101000 00010010 
01010111 10101011 
01111100 11011111 
11100011 00101110 
01011101 01111101 
10100101 00001010 
10010000 01101110 
10001011 00000111 
01010111 10001010 
00001010 11010110 
10101110 01010110 
01011110 11110111 
00001000 10110110 
11011011 11010000 
01101000 11000100 
10000010 10001111 
01110010 00110000 
00110111 11011010 
10001111 11100110 
01011110 00010011 
01011010 01000101 
00001011 10110101 
11111110 00000011 
11111110 11011100 
11100111 01110000 
11011100 01001111 
01001110 11110101 
01010010 00100000 
10110001 01001111 
11000000 11101101 
11110000 10000110 
11000110 00011101 
